3429865976
3437764072
3401300294
3479971101
3437328927
3405611041
3424292743
3436092123
3426884003
3464367834
3465268570
3478208171
3425059134
3475251070
3455363004
3461588058
3499434860
3426529774
3406774063
3427014593
3421399894
3459838144
3421289420
3422870699
3455826050
3428015782
3415721381
3427252416
3449775947
3456375226
3427351628
3445215432
3439694258
3438747418
3424807990
3428808016
3427849640
3453330583
3447143241
3420273503
3475301060
3426195763
3425297069
3419182077
3471636895
3452575918
3421588065
3427599802
3490990937
3428039274
3428900264
3427520743
3484542045
3426865466
3486660113
3448816316
3455964884
3431297749
3425167888
3436331553
3428801300
3448430373
3441575278
3428502860
3482167488
3400792485
3462999128
3461157876
3462564180
3424307006
3414578925
3467726347
3494816515
3436247473
3425600239
3439160526
3423310122
3498882919
3425961970
3124457527
3448899021
3434032736
3475960347
3446528629
3433834534
3426013815
3454299693
3469421408
3424088801
3446466453
3466837905
3477143686
3465596195
3420964107
3428745744
812669254
3318724631
3431792716
3486614399
3409716114
3465596195
3479870196
3432862454
3402444501
3446979721
3480892968
3451158211
3455540225
3415039165
3453022383
3447264581
3423770178
3423339062
3444966267
3422997234
3424020529
3444939615
3494246218
3490285812
3429120887
3425844463
3436527075
3468328721
3448927587
3427274404
3471342107
3499141659
3452573582
3426112911
3427247251
3454716339
3425606791
3463059208
3425357287
3485897580
3427092638
3416775818
3435165624
3424435866
3493618671
3427459638
3427848570
3427459638
3464156134
3460552538
3430366185
3425192931
3423240442
3424273161
3423917942
3425772646
3428520605
3464387766
3440399759
3423007776
3476300057
3421564124
3466946701
3467486593
3425626143
3023431563
3408832083
3420294127
3422007633
3427167976
3475812305
3456921855
3421452725
3465572132
3463798062
3424474855
3466050056
3478774210
3470960009
3405420254
3417755805
3423385824
3447523180
3457237492
3466087293
3427767605
3427501667
3469243860
3436899788
3438776443
3427118745
3499766554
3422454498
3469734941
3422443499
3425026885
3426882527
3442486878
3009572665
3441604975
3438541406
3453905570
3475310983
3455195403
3422662239
3403943617
3421362241
3428565441
3407846810
3404955327
3421804742
3481714351
3435618685
3423162161
3425625644
3427695877
3426933353
3455844715
3422070158
3421914820
3469512420
3469512420
3427967992
3491596890
3429539103
3426672607
3421899252
3427415837
3421617132
3425423300
3443831464
3420968237
3420294800
3425627249
3433612923
3428001905
3432905742
3458026603
3428649450
3429698762
3457533086
3445164776
3415533424
3402219177
3425967365
3464838545
3421960326
3440430104
3407201570
3488637604
3426362504
3421062718
3461133815
3458817433
3471566732
3427131638
3492075743
3438460493
3427290124
3016743694
3404079985
3468278581
2199220525
3009709161
3404446864
3445661877
3464442273
3468183467
3456098267
3488586145
3452048270
3485431544
3488840357
3427776453
3423191692
3454141621
3442441100
3423917853
3456619275
3412589064
3460260771
3443079253
3429492779
3464904284
3455329986
3475379503
3429714719
3453361916
3419677109
3436964938
3447129766
3423103442
3429681370
3405017147
3444307384
3420082954
3426509791
3401675776
3416775818
3454145507
3425419969
3422100465
3445228790
3454707327
3435991431
3468236496
3440132540
3461747208
3464798558
3423874556
3478701040
3424252878
3432264171
3429232215
3459794408
3444966387
3462162919
3469405044
3428372320
3427399652
3423416857
3476058431
3407890140
3465590371
3424728089
3498151970
3427196652
3456159510
3455951248
3421644702
3458314681
3423680453
3459293154
3457246726
3428348421
3455559220
3466482678
3464869069
3473213172
3469730931
3465925321
3459653674
3483373325
3448895134
3426469823
3492117655
3443668062
3224843126
3427916027
3432902398
3428696107
3420455287
3405977094
3445469674
3427748508
3420451406
3451903602
3470332391
3429640761
3455981777
3429602623
3421205586
3459301130
3427116936
3495600729
3334420060
3449721054
3417944216
3461800788
3437880608
3444034698
3427292022
3448728710
3499990330
3473003658
3185596651
3425378792
3431716014
3486792717
3420863895
3420609571
3453899610
3422565838
3017833253
3420197572
3444165328
3446057836
3455248347
3463856877
3429342379
3439371654
3476646077
3437107984
3428310920
3420049840
3428465859
3422235866
3414235310
3459223574
3427342196
3463494792
3407105569
3467056811
3458600261
3422319968
3424321981
3421002934
3439806028
3436314522
3434085457
3422376836
3465037790
3428061838
3426838298
3451864550
3417876001
3420147076
3457082178
3427290124
3425214455
3472985074
3468386892
3406857542
3409323576
3428391133
3424775503
3436527435
3426637938
3460412645
3422034961
3479323150
3429170836
3468260421
3410251874
3445389029
3437459316
3426566029
3488148853
3422744636
3418570410
3449253201
3480306690
3446647177
3426961035
3441638868
3430077507
3447871025
3430077507
3427201167
3444053378
3429743103
3431314940
3492570740
3462737004
3420577937
3442412409
3408915524
3421483515
3453961361
3433277821
3413045942
3474426697
3420925556
3457200208
3455745147
3469313325
3475219709
2199220525
3441460550
3499432178
3426006518
3498110411
3455575545
3453103597
3457304532
3429343904
3422021550
3496127163
3455762500
3425419969
3455834428
3423096283
3427093017
3427752336
3456221772
3456874825
3426333432
3417962071
3449145135
3452101972
3427100094
3423786167
3451696538
3423154352
3422940016
3464369500
3470960009
3429441536
3429209179
3451285845
3121293207
3458825554
3453549272
3423837476
3469343693
3469050672
3420588070
3420951887
3421685110
3460235342
3484782403
3438701075
3467900846
3424905576
3425282544
3427364356
3461438564
3431511496
3422239349
3496241742
3423304309
3447825509
3484026304
3428269395
3486236570
3444034698
3487362194
3467507330
3425381394
3460165558
3419803105
3446821664
3498839978
3452339334
3149210478
3425747087
3493322957
3467157638
3477872556
3425060395
3461486195
3474632682
3446060677
3465273110
3402577584
3479549254
3469699709
3428284926
3432202885
3406212061
3422318109
3454542055
3421289265
3477455017
3444760071
3499588416
3428715902
3457862161
3436262219
3415665863
3337712112
3429514426
3002074209
3424068921
3402342957
3421353640
3416408764
3449600184
3426396322
3438553349
3425579848
3425419969
3421820147
3450920400
3429024913
3424914361
3450572040
3428517714
3426791416
3423775924
3338496391
3427676371
3429187671
3424929707
3426630415
3455541397
3446894823
3431601820
3422605764
3457624207
3016647467
3425688391
3437473085
3424285414
3428767175
3429462856
3428818208
3488790905
3420324463
3428456154
3425110537
3422510949
3422329946
3436446855
3427994807
3453188658
3467928201
3427768864
3462261123
3468290210
3457916864
3424768516
3418836277
3427181455
3426008676
3410799792
3400098155
3422335513
3482666745
3425677512
3423054376
3427833751
3427004817
3427920196
3481434167
3453501512
3465026946
3436592978
3425609678
3426823590
3420580201
3462340285
3429043644
3455825193
3403775060
3470797217
3461584037
3456022144
3427436470
3448917442
3429491285
3442442200
3425840748
3487751420
3468172546
3425307810
3457659907
3413131828
3484821621
3479624882
3470940113
3424886561
3435949216
3466001365
3473701885
3421698493
3494275458
3428883703
3455974859
3429271367
3469129225
3467164845
3215530963
3419185763
3483408757
3473063209
3424239588
3456676396
3492122560
3491033607
3427638769
3465537839
3490007760
3427451995
3497097604
3434087895
3435904820
3463147161
3426187679
3475655390
3454107047
3421002605
3454844912
3423681843
3429298202
3085106219
3465648371
3423721713
3420950246
3429646710
3479166552
3405429067
3016600642
3453074220
3499595693
3476692697
3453522503
3421991455
3427436470
3497483628
3442569581
3479344316
3468645007
3447629507
3458073394
3429262725
3456127500
3434175646
3453786636
3421899252
3421218880
3422092597
3456102664
3404000643
3422167625
3437891787
3475497076
3436077301
3423721676
3457596668
3449399958
3422360960
3431467707
3422640548
3404655519
3406490854
3423494522
3475037763
3426901161
3427875048
3454566525
3441628763
3450708684
3005417014
3421866921
3456316215
3466265221
3439463408
3403052857
3429256669
3455303255
3426647410
3427075267
3429444650
3422327151
3424540557
3401115147
3467869797
3469580766
3481308891
3460435344
3452528931
3430437493
3458664709
3455467059
3433684072
3417599476
3409148225
3426617904
3486132342
3482778031
3429618021
3449896691
3422931405
3455035649
3459849891
3470443047
3407162375
3466881986
3424028660
3421951596
3421016547
3464367834
3449193293
3427203992
3412840186
3421376347
3463024369
3426819677
3334601394
3462146507
3421278542
3422975798
3425020105
3423701400
3457504762
3425909134
3458896458
3466853990
3428309698
3492152199
3425294548
3429040694
3438773712
3426128764
3429557728
3424383400
3416106739
3444338208
3468767522
3427593338
3476774515
3426578796
3463532232
3427783717
3457148049
3447412225
3446476540
3444418570
3452684787
3437889060
3453309216
3420363613
3421373892
3427410148
3430542596
3421713565
3419532231
3428855349
3463433533
3474137823
3477827646
3423003694
3475366497
3416895636
3484758054
3421524005
3451589245
3443477793
3427117495
3465520614
3486302088
3453577949
3406534895
3425654537
3439398741
3486667798
3455935090
3421849051
3465496091
3421076474
3445540698
3498725194
3421788843
3424940398
3437768701
3477582216
3426926324
3414603873
3423102838
3413790733
3423959452
3455284734
3423102838
3427748277
3422535719
3457652370
3474848824
3349861190
3461974696
3482945449
3433611770
3470546512
3400344902
3415581516
3439291099
3416516847
3467722796
3460164037
3421947991
3486667798
3498960524
3455435458
3403922354
3420540441
3436939420
3456166943
3448066833
3437464964
3499880794
3424395850
3420461951
3413073361
3472380034
3417940495
3339445982
3469392968
3457144666
3425887752
3475412511
3480300093
3427724382
3425008687
3425008687
3462637651
3423851474
3452930413
3499373073
3424090167
3467270057
3422447223
3426582322
3426859166
3485099264
3424577766
3426011617
3418612663
3420279897
3464343984
3448185686
3455283155
3427395432
3425826538
3008734783
3445742135
3436078583
3427525073
3428890340
3438394369
3427245680
3436474526
3404671997
3437663091
3452504765
3142022358
3407453334
3469140928
3465083743
3112140509
3422386821
3454860064
3424952172
3403557922
3426772731
3445332026
3452307018
3425891900
3425139031
3493047492
3423476101
3426572753
3424648601
3486865157
3418026438
3434492476
3429421856
3462927504
3126974300
3495692586
3422386821
3484271871
3445608545
3464300252
3455043475
3443617619
3423740802
3429303923
3495385214
3416012876
3432770773
3413299895
3420912183
3420682144
3423354422
3460037854
3489064780
3429596500
3460725871
3465549634
3429324036
3481796443
3425904069
3404858348
3448593744
3443857248
3448094923
3406600638
3416863385
3429435894
3457837167
3407164391
3426646267
3426160879
3489494292
3443739517
3421333657
3484419483
3426225909
3479334418
3422498749
3488340912
3423499142
3469473273
3432172718
3427152655
3451365314
3425844115
3416012876
3418612663
3423854060
3429871674
3427189868
3427832166
3464581201
3426128544
3453400077
3458878141
3486783945
3422139134
3425898512
3456426732
3419785504
3429330424
3494132843
3419785504
3419049702
3404129716
3427747216
3485438407
3448550289
3421503078
3427640760
3491739037
3429355259
3426717700
3422002447
3436281160
3436243266
3423633108
3416863385
3426794059
3476326857
3443565286
3467386829
3423470748
3464753575
3487778006
3429691085
3428766013
3420176311
3413633789
3453950524
3420570348
3422886684
3408034525
3425155661
3445157274
3455141806
3464532055
3444212958
3424551326
3420195984
3427683370
3421421024
3455421795
3400332712
3452482590
3454340205
3437370743
3420246028
3423964994
3448110464
3426464705
3427680241
3478970424
3439021746
3125039922
3425807100
3456375127
3452191935
3406055793
3424416264
3427833552
3427557343
3422255711
3455751613
3475540214
3459033621
3410023411
3405199418
3430704267
3404187176
3495268485
3466907456
3422331386
3469731513
3428432950
3455114785
3471778340
3460384929
3414534894
3448996600
3454885256
3427256468
3426366698
3429386872
3414244130
3422936063
3428678933
3459512266
3427379303
3422536891
3449583037
3458620923
3487342898
3406331014
3420936093
3427327283
3465206905
3408100810
3477440531
3406273715
3426566203
3464015326
3425030735
3454444043
3448991172
3459682996
3425924687
3422650982
3458732495
3416273435
3476521539
3414283536
3498147726
3409627363
3435026569
3447969670
3416316848
3443031527
3493426237
3418876618
3424668627
3406334869
3419374042
3455715000
3426168302
3436770988
3462957912
3450116872
3473470141
3404646696
3453591464
3494304919
3440022083
3499827644
3447857199
3459237434
3467232708
3404786490
3124813100
3425160149
3426904267
3422954096
3420504625
3469554815
3432964486
3476091805
3451964754
3404022858
3442450581
3409198977
3440734620
3466509685
3426190608
3443045332
3438689894
3427539325
3438353031
3417489473
3457990182
3471989458
3428696465
3422317112
3472966210
3420036008
3479563973
3448894601
3473199388
3445787424
3435019961
3423622527
3424423252
3428200800
3490468447
3452803565
3427475766
3439798017
3479135178
3458651852
3422598119
3454209105
3455098805
3416447186
3432073563
3474141186
3436495624
3413805339
3464815396
3425278255
3448641114
3458084208
3490264397
3428940972
3457500380
3422453113
3428729912
3426978819
3426756090
3429589415
3455657590
3426614803
3441418908
3479885579
3426971299
3445610566
3457926499
3488459278
3422252752
3428334927
3486792613
3424600997
3457451997
3429174863
3414490729
3427747216
3469290840
3437980255
3462303574
3425468229
3443406045
3404012754
3408130386
3415072736
3420166621
3462315696
3481080608
3437359328
3423624142
3445613099
3483414680
3429162481
3443813098
3458998285
3455135642
3004645625
3449506580
3449391312
3426261586
3425503948
3465181295
3428617752
3405584230
3412010107
3449477767
3425621957
3429824565
3416105449
3483820731
3434459223
3415780650
3451100430
3408915524
3475658575
3429449583
3443444408
3427934065
3429764941
3466306134
3499529151
3488614795
3496875088
3424962726
3450997244
3425250876
3442943295
3455348284
3473520200
3414083826
3485278443
3437361512
3469227504
3457641290
3444932475
3459132502
3427778729
3469294212
3466752921
3436028967
3463277274
3006971846
3187889892
3425460307
3424812247
3455942932
3414123076
3454069026
3428600483
3420403991
3498026403
3455494611
3456234914
3427740803
3430704463
3424203306
3444574458
3423370037
3452307018
3466254904
3483900543
3451068318
3413186717
3435574104
3424108281
3422063764
3428338974
3456715541
3428626925
3454184350
3474554505
3425828292
3459216612
3453537462
3461711527
3456524514
3429616786
3456696970
3457111910
3445982251
3445916472
3466985524
3486058705
3425318822
3477486765
3474562893
3462150317
3465820354
3432013508
3423398822
3420172866
3436243266
3434389940
3466308224
3425980439
3438735325
3487344489
3469213400
3456664047
3435502739
3482318550
3496621443
3426739593
3465139559
3453200937
3482416107
3424096435
3452846890
3446448648
3343363414
3429222822
3465496428
3212449108
3482046355
3462685452
3455357042
3428817118
3422634092
3482703170
3426511771
3421554230
3485419328
3424875963
3427167976
3471116212
3445243664
3423964994
3430663818
3335077648
3426047761
3009197639
3428565806
3496012373
3426177616
3453728045
3434684187
3448921104
3441563309
3421530317
3420454925
3422758804
3429423675
3427359044
3490097005
3487751150
3423436918
3455251497
3455628417
3425025966
3425158102
3455523267
3425256949
3422312860
3454570327
3427188377
3457006457
3430845082
3414995090
3474999059
3458434106
3427274404
3006661710
3479848786
3455984016
3428301215
3459610754
3494896634
3445454802
3490444843
3456033053
3428775842
3468427236
3420320939
3408752834
3427842761
3427206129
3486445623
3427818947
3405371502
3401777439
3405166955
3427760448
3451888773
3428696831
3471368125
3456258148
3455609009
3423272733
3406019786
3427880381
3456900157
3458323391
3462884868
3443332507
3429455608
3439806154
3421321109
3468337040
3421088780
3497198910
3422208093
3422263611
3445635453
3427900028
3426672077
3436770988
3339445982
3424594451
3467725126
3457660567
3452938703
3423126445
3422223743
3468921742
3431951251
3423007667
3424102729
3448491509
3449371858
3455620030
3424423169
3490442578
3425224195
3486112857
3455435232
3421543175
3424677406
3424600997
3493491151
3009370089
3429084871
3422229610
3419713235
3442785763
3420728447
3411413103
3468667165
3424650058
3446219358
3404587325
3426052249
3464089604
3429217754
3457163580
3431184467
3428717009
3426255597
3427836867
3403122469
3451653913
3426959909
3425167888
3463466435
3427713196
3452255673
3464511773
3415768714
3477059977
3449789410
3421588065
3429595425
3423965169
3422867577
3401104099
3467262216
3454791867
3426300648
3443421268
3426146747
3427813312
3425578406
3480301839
3453879702
3455348963
3421850192
3419281088
3454930761
3425877602
3430579418
3425417368
3496527469
3422601434
3424565355
3498696219
3427751535
3412935056
3428292190
3439712674
3458857375
3404906325
3402413450
3422848614
3428882682
3451039721
3449085865
3468111381
3444972259
3412082562
3481424102
3457041791
3484951204
3423955872
3478901593
3475039583
3422140025
3411453869
3423927223
3400407120
3424385973
3421091845
3412634854
3473130806
3450734240
3452697929
3456717531
3435387051
3462329809
3424613142
3420613865
3442959853
3453594052
3445249809
3424996294
3427818947
3453904083
3425410690
3421448120
3455762906
3427682800
3425790939
3429330436
3426092678
3442337176
3427183926
3487189230
3478452577
3466136168
3468310160
3423220782
3420032218
3448184066
3427071562
3454145032
3451282764
3453012442
3421626032
3429150951
3468785648
3493575182
3417560634
3413180483
3433705006
3456022167
3429366522
3455114785
3059637661
3422946856
3453888417
3427191569
3455793361
3421272632
3456056721
3477351064
3416791070
3426619303
3487343260
3424449579
3459134583
3422827618
3438000567
3431676140
3422473003
3423388241
3498661946
3420941261
3432670004
3461747173
3002851859
3423013866
3454525048
3420282039
3443787859
3425681665
3487464439
3491775306
3472254649
3406566421
3481881678
3426557665
3427160761
3429121505
3428410554
3428124606
3428323315
3446410235
3405380710
3424630535
3464986459
3465844200
3433923515
3461076309
3428775668
3424325800
3467479789
3428422276
3486058705
3465993717
3444586106
3459212055
3424072795
3426979826
3461274273
3453471020
3466522741
3408139705
3458994186
3445745895
3422274002
3424005818
3427068825
3426033835
3456242352
3425964551
3471778340
3473993337
3481845870
3425492623
3434687703
3455679517
3491986873
3443104307
3450642592
3426576662
3484851716
3427841429
3444363314
3487388156
3423874976
3424031601
3424459103
3457963314
3428926371
3420688521
3453294086
3425823062
3427060146
3414727098
3479738375
3420563412
3426108965
3423279847
3405252367
3427395199
3427150536
3422151389
3461918464
3417912302
3485569359
3470990412
3478172108
3445500081
3497709164
3427388913
3401762441
3477686003
3452790543
3479041657
3427464744
3424282016
3454254974
3471384355
3465611348
3426256484
3421907120
3476914169
3454840317
3417703300
3429605261
3497346502
3452013180
3457149405
3464504462
3411721776
3488423303
3429435894
3429133833
3463539561
3426983578
3443177699
3449181577
3441944380
3428253352
3420851388
3440453802
3422887488
3454570799
3421886498
3426049550
3482636322
3420543704
3427976617
3425264842
3447578195
3424171330
3464209865
3428586116
3401768220
3403194942
3441234131
3434214735
3477808583
3441110855
3420744814
3448115295
3459615311
3428166809
3403090895
3429422663
3437729339
3424383522
3459777228
3421552412
3425417422
3452849269
3456211018
3425743460
3442726911
3429331568
3425186520
3444444380
3447293298
3477294113
3441888123
3422577858
3428344847
3459451020
3415191980
3464077725
3402512245
3487121488
3446746864
3429315740
3432258391
3424096961
3437580958
3477212431
3411307076
3417033940
3433103092
3411377078
3481279193
3425404621
3483916766
3429121505
3478214721
3458835362
3427840354
3448184066
3432737252
3424728089
3450656292
3458125309
3437009457
3424431642
3425386711
3421170480
3408935906
3421626032
3476178983
3453995204
3451927835
3418955902
3452518804
3412780720
3432473802
3435412090
3429893188
3460024650
3453145859
3474107887
3420468291
3422396082
3464631408
3424542367
3415043445
3417752245
3463495886
3460422654
3422904887
3496858392
3464073612
3426788218
3426924976
3474595894
3429215718
3481476378
3333131803
3444587311
3457716233
3425182544
3436506436
3423002195
519245735
3426562307
3429818391
3442195573
3424481159
3427614015
3423113018
3444957918
3425425682
3455850754
3435062151
3413433119
3442297122
3492260006
3455724635
3463280414
3016600642
3421854428
3426433990
2134548603
3408094010
3464523691
3436469080
3427633921
3457512033
3419059751
3432050470
3420471104
3475163129
3466100211
3423229738
3422972905
3435306137
3422513821
3429341723
3425625644
3433020391
3427585584
3431442907
3424455352
3465505786
3469513062
3071100088
3430889780
3454650755
3435849291
3429424547
3429144849
3422077019
3416823122
3463963971
3421505011
3459181923
3427972167
3429576723
3458608506
3422952331
3416597446
3479567276
3428069748
3426980590
3458669745
3474981202
3426333111
3490770734
3459072333
3453612494
3429364163
3421908933
3422854730
3423678603
3400372500
3469115624
3451891714
3452331637
97466597898
3444241607
3435094708
3423139902
3424440640
3451467887
3416412658
3426291978
3423307155
3464823978
3424360193
3483920316
3427603360
3423215453
3424976021
3488818766
3463274560
3429241967
3465830324
3446257035
3417655935
3442128931
3426264658
3400028451
3426894181
3427762689
3482938382
3480583121
3423902981
3436585029
3482323691
3443117189
3475839353
3429527405
3456153525
3485347414
3453930287
3452282940
3428232292
3456086995
3434624986
3430072876
3422843543
3485534339
3452418956
3413574614
3429782585
3424967255
3495621627
3420258721
3479161635
3451328678
3414433481
3444550225
3424145100
3345333644
3471677327
3425115255
3445207585
3425583709
3425342391
3430226656
3434747127
3459296265
3472378589
3429662517
3415509430
3424628376
3456116075
3405375837
3420191129
3424005477
3428273382
3453018742
3467921411
3429121505
3464367834
3420687827
3445357009
3454353632
3453372094
3414048031
3465293895
3455953799
3445345357
3428693021
3437051472
3416785177
3426956897
3423897019
3449234518
3422369864
3466335753
3467768251
3447751554
3451626311
3448891895
3416813588
3484144109
3473586259
3448290971
3475251246
3423342019
3426964395
3424676557
3425163986
3418150782
3426529774
3415258252
3426302041
3452435031
3465580354
3420696670
3427935924
3494447412
3417058572
3446333639
3472426325
3445314060
3427083237
3426898063
3466557670
3456249461
3470630520
3488594656
3455609009
3424027789
3464956174
3482336536
3429495105
3428721261
3439842297
3459715941
3429409332
3315925287
3442439628
3426274964
3428062958
3421605224
3457906698
3467409839
3457458197
3013833891
3465546512
3456739785
3473020255
3414316033
3429514426
3436801676
3467142110
3418830233
3425838367
3430455837
3421504045
3451458739
3457111667
3457311158
3449393008
3467909848
3422381347
3462539399
3425635259
3427874286
3453099953
3449797693
3434322843
3425654914
3429386872
3448158800
3469681905
3428672135
3422679480
3429576678
3416125216
3449875630
3428965792
3412596892
3424047251
3454792910
3473280297
3428274583
3420363613
3424539866
3468785648
3418890549
3438098801
3494865047
3420084411
3497867119
3460581637
3430910708
3429818671
3441780611
3467603869
3431443405
3428605352
3427697046
3424730398
3425710700
3435799881
3456000659
3480627909
3426986276
3435626247
3457844320
3450479161
3465270558
3422886500
3445157665
3450192219
3465826224
3425167954
3444400920
3428526652
3423795349
3427990154
3437897557
3422374948
3431462099
3475309626
3442079487
3429381634
3421879072
3420093890
3423331183
3428890340
3459464086
3426248473
3469541382
3417141811
3414737128
3454188619
3455609014
3423715030
3425338626
3412825679
3426101720
3462631550
3491175983
3415011776
3489095456
3497225880
3470630766
3436527393
3479011922
3478127131
3424077847
3420855148
3429603448
3424440338
3464859707
3425916816
3424956454
3499528340
3458182135
3422859667
3440063218
3428023861
3412032251
3426969070
3422188856
3401757552
3445768423
3400599260
3487337129
3475670470
3475698853
3429102283
3414974323
3404828200
3416594858
3467471741
3429348370
3426799725
3466806345
3454042101
3424109181
3425903643
3408065182
3424668097
3423497436
3422909006
3037916837
3466735399
3429842950
3457477342
3431284803
3461216543
3427743655
3425469015
3454221952
3445043628
3429380415
3467268125
3432812427
3433489852
3454328955
3445169392
3457335460
3489369137
3423213718
3420714794
3420851522
3472701497
3429248632
3426829379
3429533036
3467471834
3482615302
3422307292
3428138031
3482778031
3423245490
3447597328
3425146581
3417695155
3467296857
3426001865
3487898739
3425096219
3474290539
3456673290
3420613950
3424325800
3495534160
3416536049
3462596229
3420912183
3427054736
3417839089
3489302958
3445671806
3433162017
3425058669
3420957581
3410818345
3457002869
3425939073
3448257476
3423352198
3422383720
3427307040
3429684464
3434379486
3425479144
3428676325
3423151447
3427349991
3479272887
3466604319
3426938583
3421991867
3486886082
3408972271
3480060000
3455120256
3401300030
3427863631
3478311128
3429439776
3429751341
3429042856
3466881986
3435754938
3453141585
3458500260
3457727759
3458096077
3446789957
3453853154
3420027342
3438636210
3447980009
3458703508
3451431771
3445245053
3137984185
3441765362
3467129458
3428413382
3488402789
3428811458
3482755738
3424481291
3462089341
3424257124
3451232914
3423217535
3428719411
3470857460
3466880788
3436860699
3420314303
3420064825
3416852275
3430555673
3428549443
3408158857
3429613287
3462788575
3459664616
3425473369
3422498254
3486739851
3487095677
3404208949
3421325872
3465760483
3455796378
3474498012
3468236496
3445035006
3449044610
3429543568
3442925847
3421861251
3429493496
3423125148
3427350476
3476623076
3455498114
3425698351
3424410523
3426485958
3454372115
3433051719
3425148085
3438823266
3472858467
3429054948
3434173591
3464911050
3422954096
3462615003
3452945042
3437763088
3481400892
3449124312
3426847710
3465121549
3488989478
3416160416
3469444087
3464311951
3464563348
3472787748
3424846187
3402863186
3444756675
3451099146
3428067469
3427471263
3431744187
3486745971
3420142480
3403748767
3427304794
3479556601
3423644483
3421634605
3434612728
3423002195
3467647433
3427768425
3493471366
3452018421
3426790036
3426302734
3429429470
3402095015
3416443243
3458704706
3468785648
3423489033
3427542944
3422635748
3458799345
3425908325
3426073241
3436673831
3454625905
3423778215
3468158911
3464572484
3416337133
3418123353
3461577993
3447010289
3444444380
3426138199
3420262858
3427181780
3471099396
3446539647
3479514889
3491864329
3442788479
3429330584
3423152134
3440094350
3425087232
3423543845
3429386872
3427704287
3442001280
3464985500
3426818283
3474519058
3425463010
3479903885
3420990020
3423024953
3422161119
3451295933
3434748562
3462323903
3453233589
3425378598
3420387038
3423747610
3484424751
3342402206
3478714100
3410593217
3475125164
3423327906
3459452637
3455687653
3440502408
3456198268
3425112113
3427648549
3468618949
3477800962
3479037356
3421107016
3412029679
3441638810
3427699800
3425096219
3450726068
3465189353
3464866274
3425922494
3417112809
3431519438
3464184287
3412279298
3437806692
3418786598
3457441516
3411080858
3427586702
3408585796
3497341846
3457251638
3420723781
3424548354
3477281411
3427153294
3428594366
3401947825
3427021408
3477593830
3415483247
3494790104
3479343146
3425056224
3425219440
3419723726
3437026653
3493967114
3400905847
3422638363
3436836029
3416030516
3418681384
3423499142
3473073277
3479034549
3415350968
3457150977
3415985785
3491753523
3421431368
3436762107
3436379838
3449555370
3457898157
3427152171
3421564258
3428855349
3420891683
3428324835
3455362351
3421043994
3429570279
3423108765
3425249681
3421534362
3440055251
3427678280
3456687967
3428722739
3067381182
3437909254
3440873292
3452827543
3475000164
3440022083
3465257652
3470879674
3420871164
3467442466
3463796156
3426511297
3422730369
3457710537
3423740251
3430104744
3462977437
3439625171
3423472805
3429081391
3425923557
3421102863
3411174615
3427530031
3429745732
3427225290
3423658722
3464956174
3447273481
3427568331
3453999935
3427290830
3420663163
3438322568
3421741949
3468318337
3488205767
3418912367
3458100210
3484518892
3423367274
3418660279
3426160879
3429097309
3428835781
3428156309
3424087975
3457058344
3428961872
3423199642
3449555370
3475183587
3463343606
3440055070
3429741618
3424138212
3465636443
3452735533
3414033011
3449578896
3496055227
3412076445
3415343441
3417821731
3429814824
3427199563
3468079508
3424947980
3422948902
3426777013
3490772075
3425651992
3497733239
3429084468
3425681665
3423839251
3424618186
3471818642
3425165195
3475526717
3406559179
3466825675
3427348459
3403981481
3467440145
3406356694
3426249155
3463401538
3475546006
3446792301
3324349666
3429527405
3414223060
3426654857
3458321639
3468142318
3464424138
3463150262
3446793623
3445437044
3421490653
3416685534
3455793690
3460790086
3425536524
3454791867
3479430994
3497657638
3424071454
4235418086
3472904053
3441162335
3349500519
3448456752
3421946190
3422799869
3429212931
3431785151
3427378473
3425627102
3444575711
3402092922
3425590457
3454255790
3434824877
3445709080
3480667527
3426574693
3426451346
3435115347
3420031687
3427853352
3443293059
3427702779
3425516448
3442154416
3004475235
3457987560
3427807099
3414270213
3427075345
3429554833
3468419602
3477706721
3458729344
3482554149
3432399825
3453964529
3425956510
3463744234
3465687872
3418476654
3428312047
3431242280
3455304302
3458632127
3425976991
3428630410
3468653080
3426456680
3420551816
3423870827
3420679711
3426231087
3400405034
3424548354
3427201877
3468370194
3426739593
3462499375
3467712584
3423614699
3421061965
3423596438
3479563973
3428884192
3469852936
3422849527
3428448197
3440776440
3410168852
3427078022
3414880516
3428488689
3424109447
3456774824
3468332451
3422101083
3424946872
3480964137
3422419099
3429625296
3427841316
3494446039
3426474644
3426485958
3443341615
3422684066
3433205001
533535462
3429292199
3469264293
3421701843
3415829385
3428201285
3428849069
3420446816
3427574409
3423620991
3428099114
3495312476
3126869040
3415357455
3426688697
3425501735
3421777385
3478311128
3469316166
3482668263
3429555233
3489501264
3429993776
3451598809
3427746327
3450569193
3427034042
3419037762
3413179410
3436592798
3428393342
3427056269
3423775687
3451236429
3426472510
3428076210
3479703047
3427133924
3425487650
3468651363
3426149769
3423807154
3423139955
3423886959
3420438085
3428818128
3463430963
3495302008
3442726911
3443998388
3439041047
3419883203
3429866101
3118667080
3450953390
3438862041
3468785648
3456580819
3499186762
3427289883
3496213949
3448396223
3448858670
3448752780
3429112705
3426936050
3426908101
3493637978
3427005272
3456284907
3482488133
3425132686
3420011811
3449135702
3426138199
3446090419
3432596140
3424969116
3449248920
3453103636
3456958152
3412420205
3429741832
3429561362
3455362351
3421494716
3469689285
3486508847
3430072291
3455845648
3411152643
3471785741
3424158751
3452233320
3425846380
3407597181
3455593984
3423765620
3496079679
3437582492
3497281245
3420059717
3420194447
3436979755
3424172739
3407437862
3454232504
3416046379
3444424622
3455665827
3420039585
3494610969
3447051710
3425626343
3427118794
3456679179
3428527661
3425392188
3427209558
3437119724
3428976178
3455804702
3424549709
3429514476
3456093214
3423131285
3424682957
3467578535
3437906928
3482927361
3482318990
3420992331
3478699722
3471340497
3426238358
3453064363
3428617783
3416750780
3422125680
3454219138
3430842323
3439734680
3456188652
3355200187
3416959445
3428186230
3429748945
3471337795
3428932289
3428609283
3429671198
3468997321
3426085132
3490571261
3449377673
3428474754
3426287029
3429672072
3346636836
3439201475
3423832568
3449796455
3426913556
3455727971
3427180035
3464630745
3465947136
3425298407
3431951251
3443617619
3458933604
3411622638
3437104089
3467998497
3436805078
3474197181
3446368143
3446129572
3422482361
3479554636
3432144529
3443850531
3467968890
3420581902
3422208894
3479891086
3427901103
3424641321
3465988649
3427701249
3489056664
3422127543
3426882052
3467679439
3486788073
3465252644
3442508621
3424090939
3433877330
3447607216
3446636438
3422603324
3420969928
3493752179
3005395780
3431753674
3470483944
3487033380
3420314835
3424682272
3466838311
3497890500
3460313401
3406886783
3455929941
3429562532
3427155056
3459715941
3426552890
3457077483
3434573453
3428921696
3436939037
3415483061
3426672318
3426429491
3453569742
3427474128
3418792989
3429020601
3447502454
3429032099
3465619515
3420728201
3427559141
3455226316
3423211958
3425721495
3423235865
3452148817
3456560259
3470913852
3455715000
3427172359
3447384621
3491505037
3426805559
3039537553
3426128780
3443258085
3450519684
3424659935
3459496998
3423425089
3431562146
3422869162
3422129686
3455340197
3248688086
3439645616
3449711411
3447865360
3425243958
3422151389
3428902937
3411496939
3423303129
3450331025
3427111793
3441668280
3477725624
3458161026
3460016705
3422945875
3446084337
3492257657
3492257431
3401947786
3413454911
3433528943
3427411564